# ANIMATION UNITS LIST:
#65

# AUV0   Upper lip raiser (AU10)
#10
7    0.000000    0.086957    0.021739
33   0.000000    0.065217    0.021739
66   0.000000    0.065217    0.021739
79   0.000000    0.050000    0.021739
80   0.000000    0.050000    0.021739
81   0.000000    0.050000    0.021739
82   0.000000    0.050000    0.021739
87   0.000000    0.065217    0.021739
88   0.000000    0.020000    0.000000
89   0.000000    0.020000    0.000000

# AUV11 Jaw drop (AU26/27)
#12
40   0.000000   -0.260000   -0.050000
8    0.000000   -0.260000   -0.050000
9    0.000000   -0.260000   -0.100000
10   0.000000   -0.130000   -0.150000
32   0.000000   -0.150000   -0.130000
65   0.000000   -0.150000   -0.130000
83   0.000000   -0.200000   -0.050000
84   0.000000   -0.200000   -0.050000
85   0.000000   -0.200000   -0.050000
86   0.000000   -0.200000   -0.050000
88   0.000000   -0.020000    0.000000
89   0.000000   -0.020000    0.000000


# AUV2   Lip stretcher (AU20)
#18
31   0.090000    0.000000   -0.090000
8    0.000000    0.032500   -0.017391
33   0.000000   -0.022000   -0.025500
7    0.000000   -0.022000   -0.010000
64  -0.090000    0.000000   -0.090000
66   0.000000   -0.022000   -0.025500
79   0.045000   -0.020000   -0.020000
80  -0.045000   -0.020000   -0.020000
81   0.040000    0.000000   -0.020000
82  -0.040000    0.000000   -0.020000
83   0.040000    0.000000   -0.020000
84  -0.040000    0.000000   -0.020000
85   0.045000    0.023000   -0.020000
86  -0.045000    0.023000   -0.020000
88   0.080000    0.000000   -0.080000
89  -0.080000    0.000000   -0.080000
90   0.040000    0.000000   -0.040000
91  -0.040000    0.000000   -0.040000

# AUV3   Brow lowerer (AU4)
#14
17  -0.130435   -0.130435    0.000000
16  -0.086957   -0.130435    0.017391
18  -0.086957   -0.130435    0.017391
15   0.000000   -0.065217    0.000000
50   0.130435   -0.130435    0.000000
49   0.086957   -0.130435    0.017391
51   0.086957   -0.130435    0.017391
48   0.000000   -0.065217    0.000000
21   0.000000   -0.034783    0.000000
54   0.000000   -0.034783    0.000000
67   0.000000   -0.026087    0.000000
69   0.000000   -0.026087    0.000000
71   0.000000   -0.026087    0.000000
73   0.000000   -0.026087    0.000000

# AUV14 Lip corner depressor (AU13/15)
#14
31   0.000000   -0.140000   -0.010000
64   0.000000   -0.140000   -0.010000
88   0.000000   -0.100000   -0.008000
89   0.000000   -0.100000   -0.008000
79   0.000000   -0.030000   -0.020000
80   0.000000   -0.030000   -0.020000
81   0.000000   -0.030000   -0.020000
82   0.000000   -0.030000   -0.020000
83   0.000000   -0.030000   -0.020000
84   0.000000   -0.030000   -0.020000
85   0.000000   -0.040000   -0.020000
86   0.000000   -0.040000   -0.020000
90   0.000000   -0.040000   -0.000000
91   0.000000   -0.040000   -0.000000

# AUV5   Outer brow raiser (AU2)
#8
15   0.021739    0.173913   -0.021739
16   0.000000    0.152174   -0.021739
17   0.000000    0.021739    0.000000
18   0.000000    0.152174   -0.021739
48  -0.021739    0.173913   -0.021739
49   0.000000    0.152174   -0.021739
50   0.000000    0.021739    0.000000
51   0.000000    0.152174   -0.021739

# AUV6   Eyes closed (AU42/43/44/45)
#12
21   0.000000   -0.062000    0.010000
22   0.000000    0.020000    0.010000
54   0.000000   -0.062000    0.010000
55   0.000000    0.020000    0.010000
97   0.000000   -0.045000    0.007000
98   0.000000   -0.045000    0.007000
99   0.000000    0.015000    0.007000
100  0.000000    0.015000    0.007000
105  0.000000   -0.045000    0.007000
106  0.000000   -0.045000    0.007000
107  0.000000    0.015000    0.007000
108  0.000000    0.015000    0.007000

# AUV7   Lid tightener (AU7)
#12
21   0.000000   -0.056000    0.010000
22   0.000000    0.026000    0.010000
54   0.000000   -0.056000    0.010000
55   0.000000    0.026000    0.010000
97   0.000000   -0.038000    0.007000
98   0.000000   -0.038000    0.007000
99   0.000000    0.022000    0.007000
100  0.000000    0.022000    0.007000
105  0.000000   -0.038000    0.007000
106  0.000000   -0.038000    0.007000
107  0.000000    0.022000    0.007000
108  0.000000    0.022000    0.007000

# AUV8   Nose wrinkler (AU9)
#23
2    0.000000   -0.086957    0.013043
3    0.000000   -0.043478    0.000000
5    0.000000    0.086957    0.000000
26   0.000000    0.043478   -0.017391
25   0.000000    0.043478   -0.008696
24   0.000000    0.017391    0.000000
22   0.000000    0.017391    0.000000
59   0.000000    0.043478   -0.017391
58   0.000000    0.043478   -0.008696
57   0.000000    0.017391    0.000000
55   0.000000    0.017391    0.000000
68   0.000000    0.008696    0.000000
70   0.000000    0.008696    0.000000
72   0.000000    0.008696    0.000000
74   0.000000    0.008696    0.000000
99   0.000000    0.017391    0.000000
100  0.000000    0.017391    0.000000
101  0.000000    0.017391    0.000000
102  0.000000    0.017391    0.000000
107  0.000000    0.017391    0.000000
108  0.000000    0.017391    0.000000
109  0.000000    0.017391    0.000000
110  0.000000    0.017391    0.000000

# AUV9   Lip presser (AU23/24)
#8
8    0.000000    0.032500    0.000000
33   0.000000   -0.020000    0.000000
66   0.000000   -0.020000    0.000000
7    0.000000   -0.021000    0.000000
79   0.000000   -0.020000    0.000000
80   0.000000   -0.020000    0.000000
85   0.000000    0.023000    0.000000
86   0.000000    0.023000    0.000000

# AUV10 Upper lid raiser (AU5)
#6
21   0.000000    0.030000   -0.010000
54   0.000000    0.030000   -0.010000
97   0.000000    0.015000   -0.007000
98   0.000000    0.015000   -0.007000
105  0.000000    0.015000   -0.007000
106  0.000000    0.015000   -0.007000

# FAP 3 open_jaw
# MNS
#3
10 0 -1 0
32 0 -1 0
65 0 -1 0

# FAP 4 lower_t_midlip
# MNS
#1
87 0 -1 0

# FAP 5 raise_b_midlip
# MNS
#1
40 0 1 0

# FAP 6 stretch_l_cornerlip
# MW
#1
88 1 0 0

# FAP 7 stretch_r_cornerlip
# MW
#1
89 -1 0 0

# FAP 8 lower_t_lip_lm
# MNS
#1
81 0 -1 0

# FAP 9 lower_t_lip_rm
# MNS
#1
82 0 -1 0

# FAP10 raise_b_lip_lm
# MNS
#1
83 0 1 0

# FAP11 raise_b_lip_rm
# MNS
#1
84 0 1 0

# FAP12 raise_l_cornerlip
# MNS
#1
88 0 1 0

# FAP13 raise_r_cornerlip
# MNS
#1
89 0 1 0

# FAP14 thrust_jaw
# MNS
#3
10 0 0 1
32 0 0 1
65 0 0 1

# FAP15 shift_jaw
# MNS
#3
10 -1 0 0
32 -1 0 0
65 -1 0 0

# FAP16 push_b_lip
# MNS
#6
8 0 0 1
40 0 0 1
83 0 0 0.5
84 0 0 0.5
85 0 0 0.5
86 0 0 0.5

# FAP17 push_t_lip
# MNS
#8
7 0 0 1
33 0 0 1
87 0 0 1
66 0 0 1
79 0 0 0.5
80 0 0 0.5
81 0 0 0.5
82 0 0 0.5

# FAP18 depress_chin
# MNS
#1
9 0 -1 0

# FAP19 close_t_l_eyelid
# IRISD
#3
21 0 -1 0.1
97 0 -0.75 0.075
105 0 -0.75 0.075

# FAP20 close_t_r_eyelid
# IRISD
#3
54 0 -1 0.1
98 0 -0.75 0.075
106 0 -0.75 0.075

# FAP21 close_b_l_eyelid
# IRISD
#3
22 0 1 0.1
99 0 0.75 0.075
107 0 0.75 0.075

# FAP22 close_b_r_eyelid
# IRISD
#3
55 0 1 0.1
100 0 0.75 0.075
108 0 0.75 0.075

# FAP23 yaw_l_eyeball
#4
67 1 0 0
68 1 0 0
71 1 0 0
72 1 0 0

# FAP24 yaw_r_eyeball
#4
69 1 0 0
70 1 0 0
73 1 0 0
74 1 0 0

# FAP25 pitch_l_eyeball
#4
67 0 -1 0
68 0 -1 0
71 0 -1 0
72 0 -1 0

# FAP26 pitch_r_eyeball
#4
69 0 -1 0
70 0 -1 0
73 0 -1 0
74 0 -1 0

# FAP27 thrust_l_eyeball
#4
67 0 0 1
68 0 0 1
71 0 0 1
72 0 0 1

# FAP28 thrust_r_eyeball
#4
69 0 0 1
70 0 0 1
73 0 0 1
74 0 0 1

# FAP29 dilate_l_pupil
#4
67 1 1 0
68 1 -1 0
71 -1 1 0
72 -1 -1 0

# FAP30 dilate_r_pupil
#4
69 -1 1 0
70 -1 -1 0
73 1 1 0
74 1 -1 0

# FAP31 raise_l_i_eyebrow
# ENS
#1
17 0 1 0

# FAP32 raise_r_i_eyebrow
# ENS
#1
50 0 1 0

# FAP33 raise_l_m_eyebrow
# ENS
#2
16 0 1 0
18 0 1 0

# FAP34 raise_r_m_eyebrow
# ENS
#2
49 0 1 0
51 0 1 0

# FAP35 raise_l_o_eyebrow
# ENS
#1
15 0 1 0

# FAP36 raise_r_o_eyebrow
# ENS
#1
48 0 1 0

# FAP37 squeeze_l_eyebrow
# ES
#3
17 -1 0 0
16 -0.5 0 0
18 -0.5 0 0

# FAP38 squeeze_r_eyebrow
# ES
#3
50 1 0 0
49 0.5 0 0
51 0.5 0 0

# FAP39 puff_l_cheek
# ES
#1
90 1 0 0

# FAP40 puff_r_cheek
# ES
#1
91 -1 0 0

# FAP41 lift_l_cheek
# ENS
#1
27 0 1 0

# FAP42 lift_r_cheek
# ENS
#1
60 0 1 0

# FAP51 lower_t_midlip_o
# MNS
#3
7 0 -1 0
33 0 -1 0
66 0 -1 0

# FAP52 raise_b_midlip_o
# MNS
#1
8 0 1 0

# FAP53 stretch_l_cornerlip_o
# MW
#1
31 1 0 0

# FAP54 stretch_r_cornerlip_o
# MW
#1
64 -1 0 0

# FAP55 lower_t_lip_lm_o
# MNS
#1
79 0 -1 0

# FAP56 lower_t_lip_rm_o
# MNS
#1
80 0 -1 0

# FAP57 raise_b_lip_lm_o
# MNS
#1
85 0 1 0

# FAP58 raise_b_lip_rm_o
# MNS
#1
86 0 1 0

# FAP59 raise_l_cornerlip_o
# MNS
#1
31 0 1 0

# FAP60 raise_r_cornerlip_o
# MNS
#1
64 0 1 0

# FAP61 strecth_l_nose
# ENS
#3
26 1 0 0
111 1 0 0
25 0.5 0 0

# FAP62 strecth_r_nose
# ENS
#3
59 -1 0 0
112 -1 0 0
58 -0.5 0 0

# FAP63 raise_nose
# ENS
#3
5 0 1 0
75 0 1 0
76 0 1 0

# FAP64 bend_nose
# ENS
#3
5 -1 0 0
75 -1 0 0
76 -1 0 0

