# SHAPE UNITS LIST:
#14

# Head height
#16
0    0.000000    0.200000    0.000000
1    0.000000    0.200000    0.000000
11   0.000000    0.200000    0.000000
12   0.000000    0.200000    0.000000
13   0.000000    0.200000    0.000000
14   0.000000    0.200000    0.000000
34   0.000000    0.200000    0.000000
44   0.000000    0.200000    0.000000
45   0.000000    0.200000    0.000000
46   0.000000    0.200000    0.000000
47   0.000000    0.200000    0.000000
10   0.000000   -0.200000    0.000000
30   0.000000   -0.100000    0.000000
63   0.000000   -0.100000    0.000000
32   0.000000   -0.200000    0.000000
65   0.000000   -0.200000    0.000000

# Eyebrows vertical position
#8
15   0.000000    0.100000    0.000000
16   0.000000    0.100000    0.000000
17   0.000000    0.100000    0.000000
18   0.000000    0.100000    0.000000
48   0.000000    0.100000    0.000000
49   0.000000    0.100000    0.000000
50   0.000000    0.100000    0.000000
51   0.000000    0.100000    0.000000

# Eyes vertical position
#36
19   0.000000    0.100000    0.000000
20   0.000000    0.100000    0.000000
21   0.000000    0.100000    0.000000
22   0.000000    0.100000    0.000000
23   0.000000    0.100000    0.000000
24   0.000000    0.100000    0.000000
52   0.000000    0.100000    0.000000
53   0.000000    0.100000    0.000000
54   0.000000    0.100000    0.000000
55   0.000000    0.100000    0.000000
56   0.000000    0.100000    0.000000
57   0.000000    0.100000    0.000000
67   0.000000    0.100000    0.000000
68   0.000000    0.100000    0.000000
69   0.000000    0.100000    0.000000
70   0.000000    0.100000    0.000000
71   0.000000    0.100000    0.000000
72   0.000000    0.100000    0.000000
73   0.000000    0.100000    0.000000
74   0.000000    0.100000    0.000000
95   0.000000    0.100000    0.000000
96   0.000000    0.100000    0.000000
97   0.000000    0.100000    0.000000
98   0.000000    0.100000    0.000000
99   0.000000    0.100000    0.000000
100  0.000000    0.100000    0.000000
101  0.000000    0.100000    0.000000
102  0.000000    0.100000    0.000000
103  0.000000    0.100000    0.000000
104  0.000000    0.100000    0.000000
105  0.000000    0.100000    0.000000
106  0.000000    0.100000    0.000000
107  0.000000    0.100000    0.000000
108  0.000000    0.100000    0.000000
109  0.000000    0.100000    0.000000
110  0.000000    0.100000    0.000000

# Eyes, width
#20
20   0.100000    0.000000    0.000000
95   0.050000    0.000000    0.000000
97   0.050000    0.000000    0.000000
99   0.050000    0.000000    0.000000
101  0.050000    0.000000    0.000000
103 -0.050000    0.000000    0.000000
105 -0.050000    0.000000    0.000000
107 -0.050000    0.000000    0.000000
109 -0.050000    0.000000    0.000000
23  -0.100000    0.000000    0.000000
53  -0.100000    0.000000    0.000000
96  -0.050000    0.000000    0.000000
98  -0.050000    0.000000    0.000000
100 -0.050000    0.000000    0.000000
102 -0.050000    0.000000    0.000000
104  0.050000    0.000000    0.000000
106  0.050000    0.000000    0.000000
108  0.050000    0.000000    0.000000
110  0.050000    0.000000    0.000000
56   0.100000    0.000000    0.000000

# Eyes, height
#24
19   0.000000    0.100000    0.000000
21   0.000000    0.050000    0.000000
22   0.000000   -0.050000    0.000000
24   0.000000   -0.100000    0.000000
52   0.000000    0.100000    0.000000
54   0.000000    0.050000    0.000000
55   0.000000   -0.050000    0.000000
57   0.000000   -0.100000    0.000000
95   0.000000    0.070000    0.000000
96   0.000000    0.070000    0.000000
103  0.000000    0.070000    0.000000
104  0.000000    0.070000    0.000000
101  0.000000   -0.070000    0.000000
102  0.000000   -0.070000    0.000000
109  0.000000   -0.070000    0.000000
110  0.000000   -0.070000    0.000000
97   0.000000    0.035000    0.000000
98   0.000000    0.035000    0.000000
105  0.000000    0.035000    0.000000
106  0.000000    0.035000    0.000000
99   0.000000   -0.035000    0.000000
100  0.000000   -0.035000    0.000000
107  0.000000   -0.035000    0.000000
108  0.000000   -0.035000    0.000000

# Eye separation distance
#36
19   0.100000    0.000000    0.000000
20   0.100000    0.000000    0.000000
21   0.100000    0.000000    0.000000
22   0.100000    0.000000    0.000000
23   0.100000    0.000000    0.000000
24   0.100000    0.000000    0.000000
52  -0.100000    0.000000    0.000000
53  -0.100000    0.000000    0.000000
54  -0.100000    0.000000    0.000000
55  -0.100000    0.000000    0.000000
56  -0.100000    0.000000    0.000000
57  -0.100000    0.000000    0.000000
67   0.100000    0.000000    0.000000
68   0.100000    0.000000    0.000000
69  -0.100000    0.000000    0.000000
70  -0.100000    0.000000    0.000000
71   0.100000    0.000000    0.000000
72   0.100000    0.000000    0.000000
73  -0.100000    0.000000    0.000000
74  -0.100000    0.000000    0.000000
95   0.100000    0.000000    0.000000
96  -0.100000    0.000000    0.000000
97   0.100000    0.000000    0.000000
98  -0.100000    0.000000    0.000000
99   0.100000    0.000000    0.000000
100 -0.100000    0.000000    0.000000
101  0.100000    0.000000    0.000000
102 -0.100000    0.000000    0.000000
103  0.100000    0.000000    0.000000
104 -0.100000    0.000000    0.000000
105  0.100000    0.000000    0.000000
106 -0.100000    0.000000    0.000000
107  0.100000    0.000000    0.000000
108 -0.100000    0.000000    0.000000
109  0.100000    0.000000    0.000000
110 -0.100000    0.000000    0.000000

# Cheeks z
#2
27   0.000000    0.000000    0.100000
60   0.000000    0.000000    0.100000

# Nose z-extension
#6
5    0.000000    0.000000    0.100000
75   0.000000    0.000000    0.070000
76   0.000000    0.000000    0.070000
92   0.000000    0.000000    0.050000
93   0.000000    0.000000    0.050000
94   0.000000    0.000000    0.050000

# Nose vertical position
#17
3    0.000000    0.100000    0.000000
4    0.000000    0.100000    0.000000
5    0.000000    0.100000    0.000000
6    0.000000    0.100000    0.000000
25   0.000000    0.100000    0.000000
26   0.000000    0.100000    0.000000
58   0.000000    0.100000    0.000000
59   0.000000    0.100000    0.000000
75   0.000000    0.100000    0.000000
76   0.000000    0.100000    0.000000
77   0.000000    0.100000    0.000000
78   0.000000    0.100000    0.000000
92   0.000000    0.100000    0.000000
93   0.000000    0.100000    0.000000
94   0.000000    0.100000    0.000000
111  0.000000    0.100000    0.000000
112  0.000000    0.100000    0.000000

# Nose, pointing up
#3
5    0.000000    0.050000    0.000000
75   0.000000    0.050000    0.000000
76   0.000000    0.050000    0.000000

# Mouth vertical position
#21
7    0.000000    0.100000    0.000000
8    0.000000    0.100000    0.000000
9    0.000000    0.100000    0.000000
31   0.000000    0.100000    0.000000
33   0.000000    0.100000    0.000000
40   0.000000    0.100000    0.000000
64   0.000000    0.100000    0.000000
66   0.000000    0.100000    0.000000
79   0.000000    0.100000    0.000000
80   0.000000    0.100000    0.000000
81   0.000000    0.100000    0.000000
82   0.000000    0.100000    0.000000
83   0.000000    0.100000    0.000000
84   0.000000    0.100000    0.000000
85   0.000000    0.100000    0.000000
86   0.000000    0.100000    0.000000
87   0.000000    0.100000    0.000000
88   0.000000    0.100000    0.000000
89   0.000000    0.100000    0.000000
90   0.000000    0.100000    0.000000
91   0.000000    0.100000    0.000000

# Mouth width
#14
31   0.100000    0.000000    0.000000
64  -0.100000    0.000000    0.000000
88   0.100000    0.000000    0.000000
89  -0.100000    0.000000    0.000000
79   0.050000    0.000000    0.000000
80  -0.050000    0.000000    0.000000
81   0.050000    0.000000    0.000000
82  -0.050000    0.000000    0.000000
83   0.050000    0.000000    0.000000
84  -0.050000    0.000000    0.000000
85   0.050000    0.000000    0.000000
86  -0.050000    0.000000    0.000000
90   0.050000    0.000000    0.000000
91  -0.050000    0.000000    0.000000

# Eyes vertical difference
#36
19   0.000000    -0.100000    0.000000
20   0.000000    -0.100000    0.000000
21   0.000000    -0.100000    0.000000
22   0.000000    -0.100000    0.000000
23   0.000000    -0.100000    0.000000
24   0.000000    -0.100000    0.000000
52   0.000000    0.100000    0.000000
53   0.000000    0.100000    0.000000
54   0.000000    0.100000    0.000000
55   0.000000    0.100000    0.000000
56   0.000000    0.100000    0.000000
57   0.000000    0.100000    0.000000
67   0.000000    -0.100000    0.000000
68   0.000000    -0.100000    0.000000
69   0.000000    0.100000    0.000000
70   0.000000    0.100000    0.000000
71   0.000000    -0.100000    0.000000
72   0.000000    -0.100000    0.000000
73   0.000000    0.100000    0.000000
74   0.000000    0.100000    0.000000
95   0.000000    -0.100000    0.000000
96   0.000000    0.100000    0.000000
97   0.000000    -0.100000    0.000000
98   0.000000    0.100000    0.000000
99   0.000000    -0.100000    0.000000
100  0.000000    0.100000    0.000000
101  0.000000    -0.100000    0.000000
102  0.000000    0.100000    0.000000
103  0.000000    -0.100000    0.000000
104  0.000000    0.100000    0.000000
105  0.000000    -0.100000    0.000000
106  0.000000    0.100000    0.000000
107  0.000000    -0.100000    0.000000
108  0.000000    0.100000    0.000000
109  0.000000    -0.100000    0.000000
110  0.000000    0.100000    0.000000

# Chin width
#2
30  0.100000    0.000000    0.000000
63  -0.100000    0.000000    0.000000